Taxa	SubjectID	Analysis4	Name	SNV	IgG+IgM-	IgM+IgG-	IgG+IgM+	IgA-IgM-IgG-
Actinobacteria Bifidobacterium 315ca0a729f126b941ba111a16d4d97a	F1-1	Pos_Stool	Actinobacteria Bifidobacterium	315ca0a729f126b941ba111a16d4d97a	0.25	0.25	0.25	0.25
Actinobacteria Bifidobacterium 315ca0a729f126b941ba111a16d4d97a	F1-2	Neg_Stool	Actinobacteria Bifidobacterium	315ca0a729f126b941ba111a16d4d97a	0.00133481178038045	0.0634537427214537	0.00133481178038045	0.933876633717785
Actinobacteria Bifidobacterium 315ca0a729f126b941ba111a16d4d97a	F10-2	Pos_Stool	Actinobacteria Bifidobacterium	315ca0a729f126b941ba111a16d4d97a	0.00578857310682716	0.483425287623337	0.504997566163009	0.00578857310682716
Actinobacteria Bifidobacterium 315ca0a729f126b941ba111a16d4d97a	F11-1	Neg_Stool	Actinobacteria Bifidobacterium	315ca0a729f126b941ba111a16d4d97a	0.000619224392615496	0.00711332367426956	0.000619224392615496	0.991648227540499
Actinobacteria Bifidobacterium 315ca0a729f126b941ba111a16d4d97a	F12-2	Pos_Stool	Actinobacteria Bifidobacterium	315ca0a729f126b941ba111a16d4d97a	0.25	0.25	0.25	0.25
Actinobacteria Bifidobacterium 315ca0a729f126b941ba111a16d4d97a	F12-3	Pos_Stool	Actinobacteria Bifidobacterium	315ca0a729f126b941ba111a16d4d97a	0.00420192015401763	0.00420192015401763	0.987394239537947	0.00420192015401763
Actinobacteria Bifidobacterium 315ca0a729f126b941ba111a16d4d97a	F13-1	Neg_Stool	Actinobacteria Bifidobacterium	315ca0a729f126b941ba111a16d4d97a	0.25	0.25	0.25	0.25
Actinobacteria Bifidobacterium 315ca0a729f126b941ba111a16d4d97a	F15-1	Neg_Stool	Actinobacteria Bifidobacterium	315ca0a729f126b941ba111a16d4d97a	0.25	0.25	0.25	0.25
Actinobacteria Bifidobacterium 315ca0a729f126b941ba111a16d4d97a	F4-1	Neg_Stool	Actinobacteria Bifidobacterium	315ca0a729f126b941ba111a16d4d97a	0.00125502426340338	0.0518696374402843	0.0124770175697649	0.934398320726547
Actinobacteria Bifidobacterium 315ca0a729f126b941ba111a16d4d97a	F5-1	Neg_Stool	Actinobacteria Bifidobacterium	315ca0a729f126b941ba111a16d4d97a	0.25	0.25	0.25	0.25
Actinobacteria Bifidobacterium 315ca0a729f126b941ba111a16d4d97a	F6-1	Neg_Stool	Actinobacteria Bifidobacterium	315ca0a729f126b941ba111a16d4d97a	0.000220809725208977	0.628200797453881	0.124453767124658	0.247124625696252
Actinobacteria Bifidobacterium 315ca0a729f126b941ba111a16d4d97a	F7-1	Neg_Stool	Actinobacteria Bifidobacterium	315ca0a729f126b941ba111a16d4d97a	0.25	0.25	0.25	0.25
Actinobacteria Bifidobacterium 315ca0a729f126b941ba111a16d4d97a	F7-2	Pos_Stool	Actinobacteria Bifidobacterium	315ca0a729f126b941ba111a16d4d97a	0.25	0.25	0.25	0.25
Actinobacteria Bifidobacterium 315ca0a729f126b941ba111a16d4d97a	F8-1	Neg_Stool	Actinobacteria Bifidobacterium	315ca0a729f126b941ba111a16d4d97a	0.25	0.25	0.25	0.25
Actinobacteria Bifidobacterium 315ca0a729f126b941ba111a16d4d97a	F9-1	Neg_Stool	Actinobacteria Bifidobacterium	315ca0a729f126b941ba111a16d4d97a	0.0033161194006226	0.818973313472915	0.17439444772584	0.0033161194006226
Actinobacteria Bifidobacterium 315ca0a729f126b941ba111a16d4d97a	F9-2	Pos_Stool	Actinobacteria Bifidobacterium	315ca0a729f126b941ba111a16d4d97a	0.00654119741183479	0.200391760168023	0.700587285392291	0.0924797570278508
Actinobacteria Bifidobacterium 315ca0a729f126b941ba111a16d4d97a	F9-3	Pos_Stool	Actinobacteria Bifidobacterium	315ca0a729f126b941ba111a16d4d97a	0.00090376865085009	0.857187355966527	0.141005106731773	0.00090376865085009
Actinobacteria Bifidobacterium 35ffcc3b809d667286737d79670b8de5	F1-1	Pos_Stool	Actinobacteria Bifidobacterium	35ffcc3b809d667286737d79670b8de5	0.25	0.25	0.25	0.25
Actinobacteria Bifidobacterium 35ffcc3b809d667286737d79670b8de5	F1-2	Neg_Stool	Actinobacteria Bifidobacterium	35ffcc3b809d667286737d79670b8de5	0.000391248254813547	0.466831040702135	0.37780548183853	0.154972229204521
Actinobacteria Bifidobacterium 35ffcc3b809d667286737d79670b8de5	F10-2	Pos_Stool	Actinobacteria Bifidobacterium	35ffcc3b809d667286737d79670b8de5	0.0323100397234415	0.0323100397234415	0.903069880829676	0.0323100397234415
Actinobacteria Bifidobacterium 35ffcc3b809d667286737d79670b8de5	F11-1	Neg_Stool	Actinobacteria Bifidobacterium	35ffcc3b809d667286737d79670b8de5	0.0210593659884932	0.168697043429276	0.80789373686528	0.00234985371695133
Actinobacteria Bifidobacterium 35ffcc3b809d667286737d79670b8de5	F12-2	Pos_Stool	Actinobacteria Bifidobacterium	35ffcc3b809d667286737d79670b8de5	0.0104597330507987	0.0104597330507987	0.968620800847604	0.0104597330507987
Actinobacteria Bifidobacterium 35ffcc3b809d667286737d79670b8de5	F12-3	Pos_Stool	Actinobacteria Bifidobacterium	35ffcc3b809d667286737d79670b8de5	0.00319214448603347	0.00319214448603347	0.9904235665419	0.00319214448603347
Actinobacteria Bifidobacterium 35ffcc3b809d667286737d79670b8de5	F13-1	Neg_Stool	Actinobacteria Bifidobacterium	35ffcc3b809d667286737d79670b8de5	0.00148515097313674	0.416498260942431	0.574155477112278	0.00786111097215412
Actinobacteria Bifidobacterium 35ffcc3b809d667286737d79670b8de5	F15-1	Neg_Stool	Actinobacteria Bifidobacterium	35ffcc3b809d667286737d79670b8de5	0.00130225151529762	0.0384576207740748	0.948394776448838	0.0118453512617895
Actinobacteria Bifidobacterium 35ffcc3b809d667286737d79670b8de5	F4-1	Neg_Stool	Actinobacteria Bifidobacterium	35ffcc3b809d667286737d79670b8de5	0.00396129916467867	0.680434829378467	0.311642572292175	0.00396129916467867
Actinobacteria Bifidobacterium 35ffcc3b809d667286737d79670b8de5	F5-1	Neg_Stool	Actinobacteria Bifidobacterium	35ffcc3b809d667286737d79670b8de5	0.00358059342414496	0.10806805942874	0.108505032087886	0.779846315059229
Actinobacteria Bifidobacterium 35ffcc3b809d667286737d79670b8de5	F6-1	Neg_Stool	Actinobacteria Bifidobacterium	35ffcc3b809d667286737d79670b8de5	0.000997573604723101	0.695948633016374	0.30205621977418	0.000997573604723101
Actinobacteria Bifidobacterium 35ffcc3b809d667286737d79670b8de5	F7-1	Neg_Stool	Actinobacteria Bifidobacterium	35ffcc3b809d667286737d79670b8de5	0.25	0.25	0.25	0.25
Actinobacteria Bifidobacterium 35ffcc3b809d667286737d79670b8de5	F7-2	Pos_Stool	Actinobacteria Bifidobacterium	35ffcc3b809d667286737d79670b8de5	0.00916692257307533	0.00916692257307533	0.972499232280774	0.00916692257307533
Actinobacteria Bifidobacterium 35ffcc3b809d667286737d79670b8de5	F8-1	Neg_Stool	Actinobacteria Bifidobacterium	35ffcc3b809d667286737d79670b8de5	0.00126457856449545	0.00438095966086016	0.973098940633694	0.0212555211409504
Actinobacteria Bifidobacterium 35ffcc3b809d667286737d79670b8de5	F9-1	Neg_Stool	Actinobacteria Bifidobacterium	35ffcc3b809d667286737d79670b8de5	0.0141830003588047	0.424958604941075	0.558816604760663	0.00204178993945782
Actinobacteria Bifidobacterium 35ffcc3b809d667286737d79670b8de5	F9-2	Pos_Stool	Actinobacteria Bifidobacterium	35ffcc3b809d667286737d79670b8de5	0.029299609268894	0.029299609268894	0.912101172193318	0.029299609268894
Actinobacteria Bifidobacterium 35ffcc3b809d667286737d79670b8de5	F9-3	Pos_Stool	Actinobacteria Bifidobacterium	35ffcc3b809d667286737d79670b8de5	0.120813151779591	0.00755129899874455	0.86408425022292	0.00755129899874455
Actinobacteria Collinsella 35cbb315e019e0a8768d4b73862df415	F1-1	Pos_Stool	Actinobacteria Collinsella	35cbb315e019e0a8768d4b73862df415	0.25	0.25	0.25	0.25
Actinobacteria Collinsella 35cbb315e019e0a8768d4b73862df415	F1-2	Neg_Stool	Actinobacteria Collinsella	35cbb315e019e0a8768d4b73862df415	0.0430306115661294	0.308072829587134	0.605865947280608	0.0430306115661294
Actinobacteria Collinsella 35cbb315e019e0a8768d4b73862df415	F10-2	Pos_Stool	Actinobacteria Collinsella	35cbb315e019e0a8768d4b73862df415	0.0893918518399846	0.0893918518399846	0.731824444480046	0.0893918518399846
Actinobacteria Collinsella 35cbb315e019e0a8768d4b73862df415	F11-1	Neg_Stool	Actinobacteria Collinsella	35cbb315e019e0a8768d4b73862df415	0.25	0.25	0.25	0.25
Actinobacteria Collinsella 35cbb315e019e0a8768d4b73862df415	F12-2	Pos_Stool	Actinobacteria Collinsella	35cbb315e019e0a8768d4b73862df415	0.25	0.25	0.25	0.25
Actinobacteria Collinsella 35cbb315e019e0a8768d4b73862df415	F12-3	Pos_Stool	Actinobacteria Collinsella	35cbb315e019e0a8768d4b73862df415	0.25	0.25	0.25	0.25
Actinobacteria Collinsella 35cbb315e019e0a8768d4b73862df415	F13-1	Neg_Stool	Actinobacteria Collinsella	35cbb315e019e0a8768d4b73862df415	0.10942160069142	0.503962993123408	0.10942160069142	0.277193805493753
Actinobacteria Collinsella 35cbb315e019e0a8768d4b73862df415	F15-1	Neg_Stool	Actinobacteria Collinsella	35cbb315e019e0a8768d4b73862df415	0.25	0.25	0.25	0.25
Actinobacteria Collinsella 35cbb315e019e0a8768d4b73862df415	F4-1	Neg_Stool	Actinobacteria Collinsella	35cbb315e019e0a8768d4b73862df415	0.25	0.25	0.25	0.25
Actinobacteria Collinsella 35cbb315e019e0a8768d4b73862df415	F5-1	Neg_Stool	Actinobacteria Collinsella	35cbb315e019e0a8768d4b73862df415	0.25	0.25	0.25	0.25
Actinobacteria Collinsella 35cbb315e019e0a8768d4b73862df415	F6-1	Neg_Stool	Actinobacteria Collinsella	35cbb315e019e0a8768d4b73862df415	0.00467783571988941	0.128845739443931	0.86179858911629	0.00467783571988941
Actinobacteria Collinsella 35cbb315e019e0a8768d4b73862df415	F7-1	Neg_Stool	Actinobacteria Collinsella	35cbb315e019e0a8768d4b73862df415	0.25	0.25	0.25	0.25
Actinobacteria Collinsella 35cbb315e019e0a8768d4b73862df415	F7-2	Pos_Stool	Actinobacteria Collinsella	35cbb315e019e0a8768d4b73862df415	0.25	0.25	0.25	0.25
Actinobacteria Collinsella 35cbb315e019e0a8768d4b73862df415	F8-1	Neg_Stool	Actinobacteria Collinsella	35cbb315e019e0a8768d4b73862df415	0.12793665475409	0.162163255891634	0.647904230711918	0.0619958586423583
Actinobacteria Collinsella 35cbb315e019e0a8768d4b73862df415	F9-1	Neg_Stool	Actinobacteria Collinsella	35cbb315e019e0a8768d4b73862df415	0.032386521061147	0.399243058385854	0.032386521061147	0.535983899491852
Actinobacteria Collinsella 35cbb315e019e0a8768d4b73862df415	F9-2	Pos_Stool	Actinobacteria Collinsella	35cbb315e019e0a8768d4b73862df415	0.0273296932917271	0.548734901714539	0.0273296932917271	0.396605711702006
Actinobacteria Collinsella 35cbb315e019e0a8768d4b73862df415	F9-3	Pos_Stool	Actinobacteria Collinsella	35cbb315e019e0a8768d4b73862df415	0.0106517712664841	0.307063532488364	0.0106517712664841	0.671632924978668
Bacteroidetes Alistipes 332a6411ff00b4010ac2397f504c4695	F1-1	Pos_Stool	Bacteroidetes Alistipes	332a6411ff00b4010ac2397f504c4695	0.0562821651951259	0.0862620815046492	0.140303244313484	0.71715250898674
Bacteroidetes Alistipes 332a6411ff00b4010ac2397f504c4695	F1-2	Neg_Stool	Bacteroidetes Alistipes	332a6411ff00b4010ac2397f504c4695	0.0240221321354224	0.0240221321354224	0.0240221321354224	0.927933603593733
Bacteroidetes Alistipes 332a6411ff00b4010ac2397f504c4695	F10-2	Pos_Stool	Bacteroidetes Alistipes	332a6411ff00b4010ac2397f504c4695	0.0166438007482087	0.360463394099088	0.00531151090843188	0.617581294244271
Bacteroidetes Alistipes 332a6411ff00b4010ac2397f504c4695	F11-1	Neg_Stool	Bacteroidetes Alistipes	332a6411ff00b4010ac2397f504c4695	0.0323601168052316	0.00118101394965791	0.00118101394965791	0.965277855295453
Bacteroidetes Alistipes 332a6411ff00b4010ac2397f504c4695	F12-2	Pos_Stool	Bacteroidetes Alistipes	332a6411ff00b4010ac2397f504c4695	0.688632741181891	0.0031448753292933	0.0495293228001192	0.258693060688696
Bacteroidetes Alistipes 332a6411ff00b4010ac2397f504c4695	F12-3	Pos_Stool	Bacteroidetes Alistipes	332a6411ff00b4010ac2397f504c4695	0.882205227870675	0.0026959463033686	0.112402879522588	0.0026959463033686
Bacteroidetes Alistipes 332a6411ff00b4010ac2397f504c4695	F13-1	Neg_Stool	Bacteroidetes Alistipes	332a6411ff00b4010ac2397f504c4695	0.713761336431819	0.0271131664651649	0.156046851837829	0.103078645265187
Bacteroidetes Alistipes 332a6411ff00b4010ac2397f504c4695	F15-1	Neg_Stool	Bacteroidetes Alistipes	332a6411ff00b4010ac2397f504c4695	0.25	0.25	0.25	0.25
Bacteroidetes Alistipes 332a6411ff00b4010ac2397f504c4695	F4-1	Neg_Stool	Bacteroidetes Alistipes	332a6411ff00b4010ac2397f504c4695	0.00872863471529891	0.130246089912452	0.0438589570283946	0.817166318343855
Bacteroidetes Alistipes 332a6411ff00b4010ac2397f504c4695	F5-1	Neg_Stool	Bacteroidetes Alistipes	332a6411ff00b4010ac2397f504c4695	0.0185993387390276	0.0305860335754182	0.00101870819579247	0.949795919489762
Bacteroidetes Alistipes 332a6411ff00b4010ac2397f504c4695	F6-1	Neg_Stool	Bacteroidetes Alistipes	332a6411ff00b4010ac2397f504c4695	0.54630888457903	0.0107910523276487	0.406240377821829	0.0366596852714927
Bacteroidetes Alistipes 332a6411ff00b4010ac2397f504c4695	F7-1	Neg_Stool	Bacteroidetes Alistipes	332a6411ff00b4010ac2397f504c4695	0.00412245195979285	0.143391357957784	0.00412245195979285	0.84836373812263
Bacteroidetes Alistipes 332a6411ff00b4010ac2397f504c4695	F7-2	Pos_Stool	Bacteroidetes Alistipes	332a6411ff00b4010ac2397f504c4695	0.0949360381653851	0.0645564419973916	0.491738994810351	0.348768525026872
Bacteroidetes Alistipes 332a6411ff00b4010ac2397f504c4695	F8-1	Neg_Stool	Bacteroidetes Alistipes	332a6411ff00b4010ac2397f504c4695	0.0104177596968846	0.0502309405021275	0.0363709909155104	0.902980308885478
Bacteroidetes Alistipes 332a6411ff00b4010ac2397f504c4695	F9-1	Neg_Stool	Bacteroidetes Alistipes	332a6411ff00b4010ac2397f504c4695	0.0194467994120485	0.0763293421511655	0.0481951453055884	0.856028713131198
Bacteroidetes Alistipes 332a6411ff00b4010ac2397f504c4695	F9-2	Pos_Stool	Bacteroidetes Alistipes	332a6411ff00b4010ac2397f504c4695	0.00922728620505524	0.0533347311372548	0.00727612720993078	0.930161855447759
Bacteroidetes Alistipes 332a6411ff00b4010ac2397f504c4695	F9-3	Pos_Stool	Bacteroidetes Alistipes	332a6411ff00b4010ac2397f504c4695	0.0435524255304504	0.0435524255304504	0.0435524255304504	0.869342723408649
Bacteroidetes Alistipes 742e1f191223f58590661de80b9d6e3b	F1-1	Pos_Stool	Bacteroidetes Alistipes	742e1f191223f58590661de80b9d6e3b	0.261675347620999	0.0444826776395538	0.649359297099893	0.0444826776395538
Bacteroidetes Alistipes 742e1f191223f58590661de80b9d6e3b	F1-2	Neg_Stool	Bacteroidetes Alistipes	742e1f191223f58590661de80b9d6e3b	0.25	0.25	0.25	0.25
Bacteroidetes Alistipes 742e1f191223f58590661de80b9d6e3b	F10-2	Pos_Stool	Bacteroidetes Alistipes	742e1f191223f58590661de80b9d6e3b	0.162652055472523	0.211742653924141	0.619049447163142	0.00655584344019397
Bacteroidetes Alistipes 742e1f191223f58590661de80b9d6e3b	F11-1	Neg_Stool	Bacteroidetes Alistipes	742e1f191223f58590661de80b9d6e3b	0.848755172969768	0.00591558868127586	0.13941364966768	0.00591558868127586
Bacteroidetes Alistipes 742e1f191223f58590661de80b9d6e3b	F12-2	Pos_Stool	Bacteroidetes Alistipes	742e1f191223f58590661de80b9d6e3b	0.463046004486838	0.0145819139453825	0.507790167622397	0.0145819139453825
Bacteroidetes Alistipes 742e1f191223f58590661de80b9d6e3b	F12-3	Pos_Stool	Bacteroidetes Alistipes	742e1f191223f58590661de80b9d6e3b	0.25	0.25	0.25	0.25
Bacteroidetes Alistipes 742e1f191223f58590661de80b9d6e3b	F13-1	Neg_Stool	Bacteroidetes Alistipes	742e1f191223f58590661de80b9d6e3b	0.586454321069506	0.11100921145345	0.14099658875505	0.161539878721994
Bacteroidetes Alistipes 742e1f191223f58590661de80b9d6e3b	F15-1	Neg_Stool	Bacteroidetes Alistipes	742e1f191223f58590661de80b9d6e3b	0.25	0.25	0.25	0.25
Bacteroidetes Alistipes 742e1f191223f58590661de80b9d6e3b	F4-1	Neg_Stool	Bacteroidetes Alistipes	742e1f191223f58590661de80b9d6e3b	0.0965018826673145	0.0704994935135537	0.762499130305578	0.0704994935135537
Bacteroidetes Alistipes 742e1f191223f58590661de80b9d6e3b	F5-1	Neg_Stool	Bacteroidetes Alistipes	742e1f191223f58590661de80b9d6e3b	0.00322639309530286	0.00322639309530286	0.00322639309530286	0.990320820714091
Bacteroidetes Alistipes 742e1f191223f58590661de80b9d6e3b	F6-1	Neg_Stool	Bacteroidetes Alistipes	742e1f191223f58590661de80b9d6e3b	0.0426938265611335	0.0691854644499301	0.195572978932721	0.692547730056215
Bacteroidetes Alistipes 742e1f191223f58590661de80b9d6e3b	F7-1	Neg_Stool	Bacteroidetes Alistipes	742e1f191223f58590661de80b9d6e3b	0.769503416772187	0.00465185380648601	0.140848220889787	0.0849965085315395
Bacteroidetes Alistipes 742e1f191223f58590661de80b9d6e3b	F7-2	Pos_Stool	Bacteroidetes Alistipes	742e1f191223f58590661de80b9d6e3b	0.112445968606674	0.0334583465666832	0.82063733825996	0.0334583465666832
Bacteroidetes Alistipes 742e1f191223f58590661de80b9d6e3b	F8-1	Neg_Stool	Bacteroidetes Alistipes	742e1f191223f58590661de80b9d6e3b	0.420106783512871	0.148374982076413	0.286539967163906	0.144978267246809
Bacteroidetes Alistipes 742e1f191223f58590661de80b9d6e3b	F9-1	Neg_Stool	Bacteroidetes Alistipes	742e1f191223f58590661de80b9d6e3b	0.25	0.25	0.25	0.25
Bacteroidetes Alistipes 742e1f191223f58590661de80b9d6e3b	F9-2	Pos_Stool	Bacteroidetes Alistipes	742e1f191223f58590661de80b9d6e3b	0.0494699855665712	0.0494699855665712	0.0494699855665712	0.851590043300286
Bacteroidetes Alistipes 742e1f191223f58590661de80b9d6e3b	F9-3	Pos_Stool	Bacteroidetes Alistipes	742e1f191223f58590661de80b9d6e3b	0.25	0.25	0.25	0.25
Bacteroidetes Alistipes 8795c5a86013864dc11f24b89e8cdd8c	F1-1	Pos_Stool	Bacteroidetes Alistipes	8795c5a86013864dc11f24b89e8cdd8c	0.0320553377130708	0.0320553377130708	0.903833986860788	0.0320553377130708
Bacteroidetes Alistipes 8795c5a86013864dc11f24b89e8cdd8c	F1-2	Neg_Stool	Bacteroidetes Alistipes	8795c5a86013864dc11f24b89e8cdd8c	0.0206893249699878	0.261397185044046	0.697224165015978	0.0206893249699878
Bacteroidetes Alistipes 8795c5a86013864dc11f24b89e8cdd8c	F10-2	Pos_Stool	Bacteroidetes Alistipes	8795c5a86013864dc11f24b89e8cdd8c	0.0476913031881714	0.467415771173204	0.472110218971397	0.0127827066672279
Bacteroidetes Alistipes 8795c5a86013864dc11f24b89e8cdd8c	F11-1	Neg_Stool	Bacteroidetes Alistipes	8795c5a86013864dc11f24b89e8cdd8c	0.0441739952161687	0.345301832094693	0.566350177472969	0.0441739952161687
Bacteroidetes Alistipes 8795c5a86013864dc11f24b89e8cdd8c	F12-2	Pos_Stool	Bacteroidetes Alistipes	8795c5a86013864dc11f24b89e8cdd8c	0.896324130098364	0.0345586233005453	0.0345586233005453	0.0345586233005453
Bacteroidetes Alistipes 8795c5a86013864dc11f24b89e8cdd8c	F12-3	Pos_Stool	Bacteroidetes Alistipes	8795c5a86013864dc11f24b89e8cdd8c	0.918801293890085	0.0270662353699717	0.0270662353699717	0.0270662353699717
Bacteroidetes Alistipes 8795c5a86013864dc11f24b89e8cdd8c	F13-1	Neg_Stool	Bacteroidetes Alistipes	8795c5a86013864dc11f24b89e8cdd8c	0.25	0.25	0.25	0.25
Bacteroidetes Alistipes 8795c5a86013864dc11f24b89e8cdd8c	F15-1	Neg_Stool	Bacteroidetes Alistipes	8795c5a86013864dc11f24b89e8cdd8c	0.00497436114751729	0.0717633838395078	0.0272543867724374	0.896007868240538
Bacteroidetes Alistipes 8795c5a86013864dc11f24b89e8cdd8c	F4-1	Neg_Stool	Bacteroidetes Alistipes	8795c5a86013864dc11f24b89e8cdd8c	0.00524984736318176	0.186364940318696	0.137437448671748	0.670947763646375
Bacteroidetes Alistipes 8795c5a86013864dc11f24b89e8cdd8c	F5-1	Neg_Stool	Bacteroidetes Alistipes	8795c5a86013864dc11f24b89e8cdd8c	0.121826854594238	0.0747218481012847	0.00494193897309928	0.798509358331379
Bacteroidetes Alistipes 8795c5a86013864dc11f24b89e8cdd8c	F6-1	Neg_Stool	Bacteroidetes Alistipes	8795c5a86013864dc11f24b89e8cdd8c	0.041248553389098	0.041248553389098	0.041248553389098	0.876254339832706
Bacteroidetes Alistipes 8795c5a86013864dc11f24b89e8cdd8c	F7-1	Neg_Stool	Bacteroidetes Alistipes	8795c5a86013864dc11f24b89e8cdd8c	0.511442164770583	0.143591842701226	0.233597340221364	0.111368652306828
Bacteroidetes Alistipes 8795c5a86013864dc11f24b89e8cdd8c	F7-2	Pos_Stool	Bacteroidetes Alistipes	8795c5a86013864dc11f24b89e8cdd8c	0.257043336948704	0.0120457163462856	0.522167837648054	0.208743109056956
Bacteroidetes Alistipes 8795c5a86013864dc11f24b89e8cdd8c	F8-1	Neg_Stool	Bacteroidetes Alistipes	8795c5a86013864dc11f24b89e8cdd8c	0.0968345055513713	0.308472877890215	0.309093312555308	0.285599304003106
Bacteroidetes Alistipes 8795c5a86013864dc11f24b89e8cdd8c	F9-1	Neg_Stool	Bacteroidetes Alistipes	8795c5a86013864dc11f24b89e8cdd8c	0.25	0.25	0.25	0.25
Bacteroidetes Alistipes 8795c5a86013864dc11f24b89e8cdd8c	F9-2	Pos_Stool	Bacteroidetes Alistipes	8795c5a86013864dc11f24b89e8cdd8c	0.25	0.25	0.25	0.25
Bacteroidetes Alistipes 8795c5a86013864dc11f24b89e8cdd8c	F9-3	Pos_Stool	Bacteroidetes Alistipes	8795c5a86013864dc11f24b89e8cdd8c	0.25	0.25	0.25	0.25
Bacteroidetes Bacteroides 1b8dec58597978264025b9eba656ffb5	F1-1	Pos_Stool	Bacteroidetes Bacteroides	1b8dec58597978264025b9eba656ffb5	0.25	0.25	0.25	0.25
Bacteroidetes Bacteroides 1b8dec58597978264025b9eba656ffb5	F1-2	Neg_Stool	Bacteroidetes Bacteroides	1b8dec58597978264025b9eba656ffb5	0.25	0.25	0.25	0.25
Bacteroidetes Bacteroides 1b8dec58597978264025b9eba656ffb5	F10-2	Pos_Stool	Bacteroidetes Bacteroides	1b8dec58597978264025b9eba656ffb5	0.803472770323599	0.0655090765588003	0.0655090765588003	0.0655090765588003
Bacteroidetes Bacteroides 1b8dec58597978264025b9eba656ffb5	F11-1	Neg_Stool	Bacteroidetes Bacteroides	1b8dec58597978264025b9eba656ffb5	0.25	0.25	0.25	0.25
Bacteroidetes Bacteroides 1b8dec58597978264025b9eba656ffb5	F12-2	Pos_Stool	Bacteroidetes Bacteroides	1b8dec58597978264025b9eba656ffb5	0.824251811047434	0.00728050685258294	0.1611871752474	0.00728050685258294
Bacteroidetes Bacteroides 1b8dec58597978264025b9eba656ffb5	F12-3	Pos_Stool	Bacteroidetes Bacteroides	1b8dec58597978264025b9eba656ffb5	0.0199505771756411	0.940148268473077	0.0199505771756411	0.0199505771756411
Bacteroidetes Bacteroides 1b8dec58597978264025b9eba656ffb5	F13-1	Neg_Stool	Bacteroidetes Bacteroides	1b8dec58597978264025b9eba656ffb5	0.588691029114568	0.0669690790401226	0.311454797868256	0.0328850939770534
Bacteroidetes Bacteroides 1b8dec58597978264025b9eba656ffb5	F15-1	Neg_Stool	Bacteroidetes Bacteroides	1b8dec58597978264025b9eba656ffb5	0.25	0.25	0.25	0.25
Bacteroidetes Bacteroides 1b8dec58597978264025b9eba656ffb5	F4-1	Neg_Stool	Bacteroidetes Bacteroides	1b8dec58597978264025b9eba656ffb5	0.0240915535647542	0.00315377584812782	0.00315377584812782	0.96960089473899
Bacteroidetes Bacteroides 1b8dec58597978264025b9eba656ffb5	F5-1	Neg_Stool	Bacteroidetes Bacteroides	1b8dec58597978264025b9eba656ffb5	0.0105987036551351	0.484500245040536	0.0105987036551351	0.494302347649194
Bacteroidetes Bacteroides 1b8dec58597978264025b9eba656ffb5	F6-1	Neg_Stool	Bacteroidetes Bacteroides	1b8dec58597978264025b9eba656ffb5	0.0154042883144536	0.499396012170526	0.281054242116432	0.204145457398588
Bacteroidetes Bacteroides 1b8dec58597978264025b9eba656ffb5	F7-1	Neg_Stool	Bacteroidetes Bacteroides	1b8dec58597978264025b9eba656ffb5	0.504166589102491	0.0127499652703087	0.470333480356891	0.0127499652703087
Bacteroidetes Bacteroides 1b8dec58597978264025b9eba656ffb5	F7-2	Pos_Stool	Bacteroidetes Bacteroides	1b8dec58597978264025b9eba656ffb5	0.25	0.25	0.25	0.25
Bacteroidetes Bacteroides 1b8dec58597978264025b9eba656ffb5	F8-1	Neg_Stool	Bacteroidetes Bacteroides	1b8dec58597978264025b9eba656ffb5	0.25	0.25	0.25	0.25
Bacteroidetes Bacteroides 1b8dec58597978264025b9eba656ffb5	F9-1	Neg_Stool	Bacteroidetes Bacteroides	1b8dec58597978264025b9eba656ffb5	0.25	0.25	0.25	0.25
Bacteroidetes Bacteroides 1b8dec58597978264025b9eba656ffb5	F9-2	Pos_Stool	Bacteroidetes Bacteroides	1b8dec58597978264025b9eba656ffb5	0.25	0.25	0.25	0.25
Bacteroidetes Bacteroides 1b8dec58597978264025b9eba656ffb5	F9-3	Pos_Stool	Bacteroidetes Bacteroides	1b8dec58597978264025b9eba656ffb5	0.25	0.25	0.25	0.25
Bacteroidetes Bacteroides 2c982937754e6321f861027032db80f7	F1-1	Pos_Stool	Bacteroidetes Bacteroides	2c982937754e6321f861027032db80f7	0.25	0.25	0.25	0.25
Bacteroidetes Bacteroides 2c982937754e6321f861027032db80f7	F1-2	Neg_Stool	Bacteroidetes Bacteroides	2c982937754e6321f861027032db80f7	0.25	0.25	0.25	0.25
Bacteroidetes Bacteroides 2c982937754e6321f861027032db80f7	F10-2	Pos_Stool	Bacteroidetes Bacteroides	2c982937754e6321f861027032db80f7	0.0159528644131802	0.363716958538189	0.611722889423751	0.00860728762487948
Bacteroidetes Bacteroides 2c982937754e6321f861027032db80f7	F11-1	Neg_Stool	Bacteroidetes Bacteroides	2c982937754e6321f861027032db80f7	0.25	0.25	0.25	0.25
Bacteroidetes Bacteroides 2c982937754e6321f861027032db80f7	F12-2	Pos_Stool	Bacteroidetes Bacteroides	2c982937754e6321f861027032db80f7	0.023958650964045	0.00313197667599172	0.969777395683971	0.00313197667599172
Bacteroidetes Bacteroides 2c982937754e6321f861027032db80f7	F12-3	Pos_Stool	Bacteroidetes Bacteroides	2c982937754e6321f861027032db80f7	0.25	0.25	0.25	0.25
Bacteroidetes Bacteroides 2c982937754e6321f861027032db80f7	F13-1	Neg_Stool	Bacteroidetes Bacteroides	2c982937754e6321f861027032db80f7	0.1630506151019	0.022952853596287	0.750280446920448	0.0637160843813652
Bacteroidetes Bacteroides 2c982937754e6321f861027032db80f7	F15-1	Neg_Stool	Bacteroidetes Bacteroides	2c982937754e6321f861027032db80f7	0.25	0.25	0.25	0.25
Bacteroidetes Bacteroides 2c982937754e6321f861027032db80f7	F4-1	Neg_Stool	Bacteroidetes Bacteroides	2c982937754e6321f861027032db80f7	0.166527546601101	0.0325337354427309	0.768404982513437	0.0325337354427309
Bacteroidetes Bacteroides 2c982937754e6321f861027032db80f7	F5-1	Neg_Stool	Bacteroidetes Bacteroides	2c982937754e6321f861027032db80f7	0.711639043041878	0.0293660385202526	0.256827853080798	0.00216706535707209
Bacteroidetes Bacteroides 2c982937754e6321f861027032db80f7	F6-1	Neg_Stool	Bacteroidetes Bacteroides	2c982937754e6321f861027032db80f7	0.364406584160037	0.0398893911310122	0.555814633577938	0.0398893911310122
Bacteroidetes Bacteroides 2c982937754e6321f861027032db80f7	F7-1	Neg_Stool	Bacteroidetes Bacteroides	2c982937754e6321f861027032db80f7	0.25	0.25	0.25	0.25
Bacteroidetes Bacteroides 2c982937754e6321f861027032db80f7	F7-2	Pos_Stool	Bacteroidetes Bacteroides	2c982937754e6321f861027032db80f7	0.25	0.25	0.25	0.25
Bacteroidetes Bacteroides 2c982937754e6321f861027032db80f7	F8-1	Neg_Stool	Bacteroidetes Bacteroides	2c982937754e6321f861027032db80f7	0.0590436394773417	0.0130424541302629	0.914871452262133	0.0130424541302629
Bacteroidetes Bacteroides 2c982937754e6321f861027032db80f7	F9-1	Neg_Stool	Bacteroidetes Bacteroides	2c982937754e6321f861027032db80f7	0.706339211762164	0.0113256376581684	0.271009512921499	0.0113256376581684
Bacteroidetes Bacteroides 2c982937754e6321f861027032db80f7	F9-2	Pos_Stool	Bacteroidetes Bacteroides	2c982937754e6321f861027032db80f7	0.25	0.25	0.25	0.25
Bacteroidetes Bacteroides 2c982937754e6321f861027032db80f7	F9-3	Pos_Stool	Bacteroidetes Bacteroides	2c982937754e6321f861027032db80f7	0.0470873605775045	0.0470873605775045	0.0470873605775045	0.858737918267486
Bacteroidetes Bacteroides 333bbf9224442fc10cd497377d2b1d01	F1-1	Pos_Stool	Bacteroidetes Bacteroides	333bbf9224442fc10cd497377d2b1d01	0.0133851361937032	0.0133851361937032	0.95984459141889	0.0133851361937032
Bacteroidetes Bacteroides 333bbf9224442fc10cd497377d2b1d01	F1-2	Neg_Stool	Bacteroidetes Bacteroides	333bbf9224442fc10cd497377d2b1d01	0.158470582117912	0.00737026440545062	0.826788889071187	0.00737026440545062
Bacteroidetes Bacteroides 333bbf9224442fc10cd497377d2b1d01	F10-2	Pos_Stool	Bacteroidetes Bacteroides	333bbf9224442fc10cd497377d2b1d01	0.0404325424362621	0.10956912785155	0.501069085539432	0.348929244172756
Bacteroidetes Bacteroides 333bbf9224442fc10cd497377d2b1d01	F11-1	Neg_Stool	Bacteroidetes Bacteroides	333bbf9224442fc10cd497377d2b1d01	0.0374917077616497	0.0427966099987368	0.373614071649212	0.546097610590401
Bacteroidetes Bacteroides 333bbf9224442fc10cd497377d2b1d01	F12-2	Pos_Stool	Bacteroidetes Bacteroides	333bbf9224442fc10cd497377d2b1d01	0.766962282528424	0.00294602607558045	0.227145665320415	0.00294602607558045
Bacteroidetes Bacteroides 333bbf9224442fc10cd497377d2b1d01	F12-3	Pos_Stool	Bacteroidetes Bacteroides	333bbf9224442fc10cd497377d2b1d01	0.25	0.25	0.25	0.25
Bacteroidetes Bacteroides 333bbf9224442fc10cd497377d2b1d01	F13-1	Neg_Stool	Bacteroidetes Bacteroides	333bbf9224442fc10cd497377d2b1d01	0.25	0.25	0.25	0.25
Bacteroidetes Bacteroides 333bbf9224442fc10cd497377d2b1d01	F15-1	Neg_Stool	Bacteroidetes Bacteroides	333bbf9224442fc10cd497377d2b1d01	0.25	0.25	0.25	0.25
Bacteroidetes Bacteroides 333bbf9224442fc10cd497377d2b1d01	F4-1	Neg_Stool	Bacteroidetes Bacteroides	333bbf9224442fc10cd497377d2b1d01	0.00223600985488009	0.399455990977186	0.0509358403982373	0.547372158769697
Bacteroidetes Bacteroides 333bbf9224442fc10cd497377d2b1d01	F5-1	Neg_Stool	Bacteroidetes Bacteroides	333bbf9224442fc10cd497377d2b1d01	0.25	0.25	0.25	0.25
Bacteroidetes Bacteroides 333bbf9224442fc10cd497377d2b1d01	F6-1	Neg_Stool	Bacteroidetes Bacteroides	333bbf9224442fc10cd497377d2b1d01	0.25	0.25	0.25	0.25
Bacteroidetes Bacteroides 333bbf9224442fc10cd497377d2b1d01	F7-1	Neg_Stool	Bacteroidetes Bacteroides	333bbf9224442fc10cd497377d2b1d01	0.25	0.25	0.25	0.25
Bacteroidetes Bacteroides 333bbf9224442fc10cd497377d2b1d01	F7-2	Pos_Stool	Bacteroidetes Bacteroides	333bbf9224442fc10cd497377d2b1d01	0.25	0.25	0.25	0.25
Bacteroidetes Bacteroides 333bbf9224442fc10cd497377d2b1d01	F8-1	Neg_Stool	Bacteroidetes Bacteroides	333bbf9224442fc10cd497377d2b1d01	0.036876383418119	0.217537872255619	0.375798763618913	0.369786980707349
Bacteroidetes Bacteroides 333bbf9224442fc10cd497377d2b1d01	F9-1	Neg_Stool	Bacteroidetes Bacteroides	333bbf9224442fc10cd497377d2b1d01	0.25	0.25	0.25	0.25
Bacteroidetes Bacteroides 333bbf9224442fc10cd497377d2b1d01	F9-2	Pos_Stool	Bacteroidetes Bacteroides	333bbf9224442fc10cd497377d2b1d01	0.016937576296855	0.278345185083859	0.0712273138519283	0.633489924767358
Bacteroidetes Bacteroides 333bbf9224442fc10cd497377d2b1d01	F9-3	Pos_Stool	Bacteroidetes Bacteroides	333bbf9224442fc10cd497377d2b1d01	0.25	0.25	0.25	0.25
Bacteroidetes Bacteroides 76b39e86c95e0c7dd8b9c57b974f6532	F1-1	Pos_Stool	Bacteroidetes Bacteroides	76b39e86c95e0c7dd8b9c57b974f6532	0.25	0.25	0.25	0.25
Bacteroidetes Bacteroides 76b39e86c95e0c7dd8b9c57b974f6532	F1-2	Neg_Stool	Bacteroidetes Bacteroides	76b39e86c95e0c7dd8b9c57b974f6532	0.25	0.25	0.25	0.25
Bacteroidetes Bacteroides 76b39e86c95e0c7dd8b9c57b974f6532	F10-2	Pos_Stool	Bacteroidetes Bacteroides	76b39e86c95e0c7dd8b9c57b974f6532	0.651504548635409	0.116165150454864	0.116165150454864	0.116165150454864
Bacteroidetes Bacteroides 76b39e86c95e0c7dd8b9c57b974f6532	F11-1	Neg_Stool	Bacteroidetes Bacteroides	76b39e86c95e0c7dd8b9c57b974f6532	0.0123484985061886	0.0336358638293913	0.0730258264667407	0.88098981119768
Bacteroidetes Bacteroides 76b39e86c95e0c7dd8b9c57b974f6532	F12-2	Pos_Stool	Bacteroidetes Bacteroides	76b39e86c95e0c7dd8b9c57b974f6532	0.307485986612546	0.236102602165994	0.00405606104105297	0.452355350180407
Bacteroidetes Bacteroides 76b39e86c95e0c7dd8b9c57b974f6532	F12-3	Pos_Stool	Bacteroidetes Bacteroides	76b39e86c95e0c7dd8b9c57b974f6532	0.00377821218642936	0.187861742274477	0.411210136736573	0.39714990880252
Bacteroidetes Bacteroides 76b39e86c95e0c7dd8b9c57b974f6532	F13-1	Neg_Stool	Bacteroidetes Bacteroides	76b39e86c95e0c7dd8b9c57b974f6532	0.25	0.25	0.25	0.25
Bacteroidetes Bacteroides 76b39e86c95e0c7dd8b9c57b974f6532	F15-1	Neg_Stool	Bacteroidetes Bacteroides	76b39e86c95e0c7dd8b9c57b974f6532	0.25	0.25	0.25	0.25
Bacteroidetes Bacteroides 76b39e86c95e0c7dd8b9c57b974f6532	F4-1	Neg_Stool	Bacteroidetes Bacteroides	76b39e86c95e0c7dd8b9c57b974f6532	0.00591838536971476	0.11006178040789	0.0356371857923999	0.848382648429995
Bacteroidetes Bacteroides 76b39e86c95e0c7dd8b9c57b974f6532	F5-1	Neg_Stool	Bacteroidetes Bacteroides	76b39e86c95e0c7dd8b9c57b974f6532	0.0136421648260011	0.0136421648260011	0.0136421648260011	0.959073505521997
Bacteroidetes Bacteroides 76b39e86c95e0c7dd8b9c57b974f6532	F6-1	Neg_Stool	Bacteroidetes Bacteroides	76b39e86c95e0c7dd8b9c57b974f6532	0.25	0.25	0.25	0.25
Bacteroidetes Bacteroides 76b39e86c95e0c7dd8b9c57b974f6532	F7-1	Neg_Stool	Bacteroidetes Bacteroides	76b39e86c95e0c7dd8b9c57b974f6532	0.00358648577607546	0.245911177625963	0.00358648577607546	0.746915850821886
Bacteroidetes Bacteroides 76b39e86c95e0c7dd8b9c57b974f6532	F7-2	Pos_Stool	Bacteroidetes Bacteroides	76b39e86c95e0c7dd8b9c57b974f6532	0.0362131267556353	0.302065820577972	0.32563467742954	0.336086375236852
Bacteroidetes Bacteroides 76b39e86c95e0c7dd8b9c57b974f6532	F8-1	Neg_Stool	Bacteroidetes Bacteroides	76b39e86c95e0c7dd8b9c57b974f6532	0.25	0.25	0.25	0.25
Bacteroidetes Bacteroides 76b39e86c95e0c7dd8b9c57b974f6532	F9-1	Neg_Stool	Bacteroidetes Bacteroides	76b39e86c95e0c7dd8b9c57b974f6532	0.0109355492348781	0.258679215093699	0.0109355492348781	0.719449686436544
Bacteroidetes Bacteroides 76b39e86c95e0c7dd8b9c57b974f6532	F9-2	Pos_Stool	Bacteroidetes Bacteroides	76b39e86c95e0c7dd8b9c57b974f6532	0.00679227323082521	0.00679227323082521	0.00679227323082521	0.979623180307524
Bacteroidetes Bacteroides 76b39e86c95e0c7dd8b9c57b974f6532	F9-3	Pos_Stool	Bacteroidetes Bacteroides	76b39e86c95e0c7dd8b9c57b974f6532	0.0238540130162066	0.0238540130162066	0.0238540130162066	0.92843796095138
Bacteroidetes Bacteroides 824b9c5e131ccef5ab3286cfde31640c	F1-1	Pos_Stool	Bacteroidetes Bacteroides	824b9c5e131ccef5ab3286cfde31640c	0.25	0.25	0.25	0.25
Bacteroidetes Bacteroides 824b9c5e131ccef5ab3286cfde31640c	F1-2	Neg_Stool	Bacteroidetes Bacteroides	824b9c5e131ccef5ab3286cfde31640c	0.25	0.25	0.25	0.25
Bacteroidetes Bacteroides 824b9c5e131ccef5ab3286cfde31640c	F10-2	Pos_Stool	Bacteroidetes Bacteroides	824b9c5e131ccef5ab3286cfde31640c	0.25	0.25	0.25	0.25
Bacteroidetes Bacteroides 824b9c5e131ccef5ab3286cfde31640c	F11-1	Neg_Stool	Bacteroidetes Bacteroides	824b9c5e131ccef5ab3286cfde31640c	0.25	0.25	0.25	0.25
Bacteroidetes Bacteroides 824b9c5e131ccef5ab3286cfde31640c	F12-2	Pos_Stool	Bacteroidetes Bacteroides	824b9c5e131ccef5ab3286cfde31640c	0.0449680501013941	0.0112179667922589	0.0662372115111927	0.877576771595154
Bacteroidetes Bacteroides 824b9c5e131ccef5ab3286cfde31640c	F12-3	Pos_Stool	Bacteroidetes Bacteroides	824b9c5e131ccef5ab3286cfde31640c	0.322306346015438	0.00967875483083094	0.521697284690915	0.146317614462816
Bacteroidetes Bacteroides 824b9c5e131ccef5ab3286cfde31640c	F13-1	Neg_Stool	Bacteroidetes Bacteroides	824b9c5e131ccef5ab3286cfde31640c	0.25	0.25	0.25	0.25
Bacteroidetes Bacteroides 824b9c5e131ccef5ab3286cfde31640c	F15-1	Neg_Stool	Bacteroidetes Bacteroides	824b9c5e131ccef5ab3286cfde31640c	0.25	0.25	0.25	0.25
Bacteroidetes Bacteroides 824b9c5e131ccef5ab3286cfde31640c	F4-1	Neg_Stool	Bacteroidetes Bacteroides	824b9c5e131ccef5ab3286cfde31640c	0.0498212164302026	0.0939409128926281	0.230775364751696	0.625462505925473
Bacteroidetes Bacteroides 824b9c5e131ccef5ab3286cfde31640c	F5-1	Neg_Stool	Bacteroidetes Bacteroides	824b9c5e131ccef5ab3286cfde31640c	0.0129134389452951	0.873949529889499	0.0129134389452951	0.100223592219911
Bacteroidetes Bacteroides 824b9c5e131ccef5ab3286cfde31640c	F6-1	Neg_Stool	Bacteroidetes Bacteroides	824b9c5e131ccef5ab3286cfde31640c	0.25	0.25	0.25	0.25
Bacteroidetes Bacteroides 824b9c5e131ccef5ab3286cfde31640c	F7-1	Neg_Stool	Bacteroidetes Bacteroides	824b9c5e131ccef5ab3286cfde31640c	0.00423408847193351	0.155751886266576	0.0871736208959364	0.752840404365554
Bacteroidetes Bacteroides 824b9c5e131ccef5ab3286cfde31640c	F7-2	Pos_Stool	Bacteroidetes Bacteroides	824b9c5e131ccef5ab3286cfde31640c	0.00463946952914134	0.505962536526754	0.324822834042086	0.164575159902019
Bacteroidetes Bacteroides 824b9c5e131ccef5ab3286cfde31640c	F8-1	Neg_Stool	Bacteroidetes Bacteroides	824b9c5e131ccef5ab3286cfde31640c	0.25	0.25	0.25	0.25
Bacteroidetes Bacteroides 824b9c5e131ccef5ab3286cfde31640c	F9-1	Neg_Stool	Bacteroidetes Bacteroides	824b9c5e131ccef5ab3286cfde31640c	0.25	0.25	0.25	0.25
Bacteroidetes Bacteroides 824b9c5e131ccef5ab3286cfde31640c	F9-2	Pos_Stool	Bacteroidetes Bacteroides	824b9c5e131ccef5ab3286cfde31640c	0.0154157517022203	0.189353851043245	0.045794370103348	0.749436027151187
Bacteroidetes Bacteroides 824b9c5e131ccef5ab3286cfde31640c	F9-3	Pos_Stool	Bacteroidetes Bacteroides	824b9c5e131ccef5ab3286cfde31640c	0.25	0.25	0.25	0.25
Bacteroidetes Bacteroides 836cd5ea357ad392c00a7e48d921be1d	F1-1	Pos_Stool	Bacteroidetes Bacteroides	836cd5ea357ad392c00a7e48d921be1d	0.0822448517337058	0.0822448517337058	0.753265444798883	0.0822448517337058
Bacteroidetes Bacteroides 836cd5ea357ad392c00a7e48d921be1d	F1-2	Neg_Stool	Bacteroidetes Bacteroides	836cd5ea357ad392c00a7e48d921be1d	0.25	0.25	0.25	0.25
Bacteroidetes Bacteroides 836cd5ea357ad392c00a7e48d921be1d	F10-2	Pos_Stool	Bacteroidetes Bacteroides	836cd5ea357ad392c00a7e48d921be1d	0.25	0.25	0.25	0.25
Bacteroidetes Bacteroides 836cd5ea357ad392c00a7e48d921be1d	F11-1	Neg_Stool	Bacteroidetes Bacteroides	836cd5ea357ad392c00a7e48d921be1d	0.25	0.25	0.25	0.25
Bacteroidetes Bacteroides 836cd5ea357ad392c00a7e48d921be1d	F12-2	Pos_Stool	Bacteroidetes Bacteroides	836cd5ea357ad392c00a7e48d921be1d	0.25	0.25	0.25	0.25
Bacteroidetes Bacteroides 836cd5ea357ad392c00a7e48d921be1d	F12-3	Pos_Stool	Bacteroidetes Bacteroides	836cd5ea357ad392c00a7e48d921be1d	0.202111442929952	0.0270924007889244	0.743703755492199	0.0270924007889244
Bacteroidetes Bacteroides 836cd5ea357ad392c00a7e48d921be1d	F13-1	Neg_Stool	Bacteroidetes Bacteroides	836cd5ea357ad392c00a7e48d921be1d	0.25	0.25	0.25	0.25
Bacteroidetes Bacteroides 836cd5ea357ad392c00a7e48d921be1d	F15-1	Neg_Stool	Bacteroidetes Bacteroides	836cd5ea357ad392c00a7e48d921be1d	0.00401483775955924	0.138779424746621	0.00401483775955924	0.85319089973426
Bacteroidetes Bacteroides 836cd5ea357ad392c00a7e48d921be1d	F4-1	Neg_Stool	Bacteroidetes Bacteroides	836cd5ea357ad392c00a7e48d921be1d	0.203539376026926	0.0104363030817184	0.304392521720863	0.481631799170493
Bacteroidetes Bacteroides 836cd5ea357ad392c00a7e48d921be1d	F5-1	Neg_Stool	Bacteroidetes Bacteroides	836cd5ea357ad392c00a7e48d921be1d	0.141431350860248	0.0380457601170774	0.0533063025351275	0.767216586487547
Bacteroidetes Bacteroides 836cd5ea357ad392c00a7e48d921be1d	F6-1	Neg_Stool	Bacteroidetes Bacteroides	836cd5ea357ad392c00a7e48d921be1d	0.25	0.25	0.25	0.25
Bacteroidetes Bacteroides 836cd5ea357ad392c00a7e48d921be1d	F7-1	Neg_Stool	Bacteroidetes Bacteroides	836cd5ea357ad392c00a7e48d921be1d	0.00177092052379321	0.317999644713432	0.0536196999066709	0.626609734856104
Bacteroidetes Bacteroides 836cd5ea357ad392c00a7e48d921be1d	F7-2	Pos_Stool	Bacteroidetes Bacteroides	836cd5ea357ad392c00a7e48d921be1d	0.0127805016376402	0.092724354015829	0.0870600135519782	0.807435130794552
Bacteroidetes Bacteroides 836cd5ea357ad392c00a7e48d921be1d	F8-1	Neg_Stool	Bacteroidetes Bacteroides	836cd5ea357ad392c00a7e48d921be1d	0.0678996340476385	0.240588999744398	0.392001420509486	0.299509945698478
Bacteroidetes Bacteroides 836cd5ea357ad392c00a7e48d921be1d	F9-1	Neg_Stool	Bacteroidetes Bacteroides	836cd5ea357ad392c00a7e48d921be1d	0.25	0.25	0.25	0.25
Bacteroidetes Bacteroides 836cd5ea357ad392c00a7e48d921be1d	F9-2	Pos_Stool	Bacteroidetes Bacteroides	836cd5ea357ad392c00a7e48d921be1d	0.0988055015760643	0.00536920186046865	0.00536920186046865	0.890456094702998
Bacteroidetes Bacteroides 836cd5ea357ad392c00a7e48d921be1d	F9-3	Pos_Stool	Bacteroidetes Bacteroides	836cd5ea357ad392c00a7e48d921be1d	0.25	0.25	0.25	0.25
Bacteroidetes Bacteroides 99deb3c5ecb022ec05609ebd1112a557	F1-1	Pos_Stool	Bacteroidetes Bacteroides	99deb3c5ecb022ec05609ebd1112a557	0.267151524020785	0.107486062170073	0.255602983029601	0.369759430779541
Bacteroidetes Bacteroides 99deb3c5ecb022ec05609ebd1112a557	F1-2	Neg_Stool	Bacteroidetes Bacteroides	99deb3c5ecb022ec05609ebd1112a557	0.125851494424596	0.124339234447487	0.270255424285618	0.479553846842299
Bacteroidetes Bacteroides 99deb3c5ecb022ec05609ebd1112a557	F10-2	Pos_Stool	Bacteroidetes Bacteroides	99deb3c5ecb022ec05609ebd1112a557	0.0101198058284165	0.235456153675724	0.514502564883034	0.239921475612825
Bacteroidetes Bacteroides 99deb3c5ecb022ec05609ebd1112a557	F11-1	Neg_Stool	Bacteroidetes Bacteroides	99deb3c5ecb022ec05609ebd1112a557	0.342671151763576	0.0201017972749012	0.134716064747639	0.502510986213884
Bacteroidetes Bacteroides 99deb3c5ecb022ec05609ebd1112a557	F12-2	Pos_Stool	Bacteroidetes Bacteroides	99deb3c5ecb022ec05609ebd1112a557	0.122013323057761	0.0201649668038931	0.0893751213161743	0.768446588822171
Bacteroidetes Bacteroides 99deb3c5ecb022ec05609ebd1112a557	F12-3	Pos_Stool	Bacteroidetes Bacteroides	99deb3c5ecb022ec05609ebd1112a557	0.0941412000237393	0.019988745886096	0.0799172290256187	0.805952825064546
Bacteroidetes Bacteroides 99deb3c5ecb022ec05609ebd1112a557	F13-1	Neg_Stool	Bacteroidetes Bacteroides	99deb3c5ecb022ec05609ebd1112a557	0.405429961001116	0.00092724837657488	0.561810731599952	0.0318320590223572
Bacteroidetes Bacteroides 99deb3c5ecb022ec05609ebd1112a557	F15-1	Neg_Stool	Bacteroidetes Bacteroides	99deb3c5ecb022ec05609ebd1112a557	0.00106540329667639	0.524763526054111	0.0235452583583324	0.45062581229088
